function [GQ_pts_array, GQ_weight_array] = fun_Order10GaussQuadDataOrder

GQ_pts_array(1) = -0.148874338981631;
GQ_pts_array(2) = -0.433395394129247;
GQ_pts_array(3) = -0.679409568299024;
GQ_pts_array(4) = -0.865063366688985;
GQ_pts_array(5) = -0.973906528517172;

GQ_pts_array(6)  = 0.148874338981631;
GQ_pts_array(7)  = 0.433395394129247;
GQ_pts_array(8)  = 0.679409568299024;
GQ_pts_array(9)  = 0.865063366688985;
GQ_pts_array(10) = 0.973906528517172;

GQ_weight_array(1) = 0.295524224714753;
GQ_weight_array(2) = 0.269266719309996;
GQ_weight_array(3) = 0.219086362515982;
GQ_weight_array(4) = 0.149451349150581;
GQ_weight_array(5) = 0.066671344308688;

GQ_weight_array(6)  = 0.295524224714753;
GQ_weight_array(7)  = 0.269266719309996;
GQ_weight_array(8)  = 0.219086362515982;
GQ_weight_array(9)  = 0.149451349150581;
GQ_weight_array(10) = 0.066671344308688;
